metic used l1 number of neighbours 1
0.9631
             precision    recall  f1-score   support

          0       0.97      0.99      0.98       980
          1       0.95      0.99      0.97      1135
          2       0.98      0.96      0.97      1032
          3       0.95      0.96      0.95      1010
          4       0.97      0.95      0.96       982
          5       0.94      0.95      0.95       892
          6       0.98      0.98      0.98       958
          7       0.96      0.96      0.96      1028
          8       0.99      0.92      0.95       974
          9       0.94      0.96      0.95      1009

avg / total       0.96      0.96      0.96     10000

metic used l2 number of neighbours 1
0.9691
             precision    recall  f1-score   support

          0       0.98      0.99      0.99       980
          1       0.97      0.99      0.98      1135
          2       0.98      0.96      0.97      1032
          3       0.96      0.96      0.96      1010
          4       0.97      0.96      0.97       982
          5       0.95      0.96      0.96       892
          6       0.98      0.99      0.98       958
          7       0.96      0.96      0.96      1028
          8       0.98      0.94      0.96       974
          9       0.96      0.96      0.96      1009

avg / total       0.97      0.97      0.97     10000

metic used l3 number of neighbours 1
0.9717                                                                          
             precision    recall  f1-score   support                            
                                                                                
          0       0.98      0.99      0.99       980        
          1       0.98      0.99      0.99      1135
          2       0.98      0.97      0.98      1032
          3       0.97      0.96      0.96      1010
          4       0.97      0.96      0.97       982
          5       0.96      0.97      0.96       892
          6       0.98      0.99      0.98       958
          7       0.96      0.97      0.96      1028
          8       0.98      0.95      0.97       974
          9       0.96      0.96      0.96      1009

avg / total       0.97      0.97      0.97     10000


metic used l1 number of neighbours 2
0.954
             precision    recall  f1-score   support

          0       0.95      1.00      0.97       980
          1       0.92      1.00      0.96      1135
          2       0.97      0.95      0.96      1032
          3       0.92      0.97      0.95      1010
          4       0.96      0.97      0.96       982
          5       0.94      0.95      0.94       892
          6       0.99      0.97      0.98       958
          7       0.93      0.95      0.94      1028
          8       0.99      0.87      0.93       974
          9       0.98      0.91      0.94      1009

avg / total       0.96      0.95      0.95     10000

metic used l2 number of neighbours 2
0.9627
             precision    recall  f1-score   support

          0       0.96      1.00      0.98       980
          1       0.95      1.00      0.97      1135
          2       0.97      0.96      0.97      1032
          3       0.94      0.97      0.95      1010
          4       0.96      0.98      0.97       982
          5       0.95      0.95      0.95       892
          6       0.99      0.98      0.99       958
          7       0.95      0.95      0.95      1028
          8       0.99      0.90      0.94       974
          9       0.98      0.93      0.95      1009

avg / total       0.96      0.96      0.96     10000

metic used l3 number of neighbours 2
0.9668                                                                          
             precision    recall  f1-score   support

          0       0.96      0.99      0.98       980
          1       0.96      1.00      0.98      1135
          2       0.97      0.97      0.97      1032
          3       0.94      0.97      0.96      1010
          4       0.96      0.98      0.97       982
          5       0.96      0.96      0.96       892
          6       0.99      0.98      0.98       958
          7       0.96      0.96      0.96      1028
          8       0.99      0.92      0.96       974
          9       0.98      0.93      0.96      1009

avg / total       0.97      0.97      0.97     10000

metic used l1 number of neighbours 3
0.9633
             precision    recall  f1-score   support

          0       0.96      0.99      0.98       980
          1       0.94      1.00      0.97      1135
          2       0.98      0.95      0.97      1032
          3       0.96      0.96      0.96      1010
          4       0.97      0.95      0.96       982
          5       0.96      0.96      0.96       892
          6       0.98      0.98      0.98       958
          7       0.95      0.96      0.95      1028
          8       0.99      0.92      0.95       974
          9       0.95      0.95      0.95      1009

avg / total       0.96      0.96      0.96     10000

metic used l2 number of neighbours 3
0.9705
             precision    recall  f1-score   support

          0       0.97      0.99      0.98       980
          1       0.96      1.00      0.98      1135
          2       0.98      0.97      0.97      1032
          3       0.96      0.97      0.96      1010
          4       0.98      0.97      0.97       982
          5       0.97      0.96      0.96       892
          6       0.98      0.99      0.98       958
          7       0.96      0.96      0.96      1028
          8       0.99      0.94      0.96       974
          9       0.96      0.96      0.96      1009

avg / total       0.97      0.97      0.97     10000

metic used l3 number of neighbours 3                                   
0.9718                                                                  
             precision    recall  f1-score   support
          0       0.97      0.99      0.98       980
          1       0.96      1.00      0.98      1135
          2       0.98      0.97      0.98      1032          
          3       0.96      0.97      0.97      1010
          4       0.98      0.97      0.97       982
          5       0.97      0.97      0.97       892
          6       0.98      0.99      0.98       958
          7       0.96      0.96      0.96      1028
          8       0.99      0.94      0.97       974
          9       0.96      0.96      0.96      1009
avg / total       0.97      0.97      0.97     10000


metic used l1 number of neighbours 4
0.9607
             precision    recall  f1-score   support

          0       0.96      0.99      0.98       980
          1       0.93      1.00      0.96      1135
          2       0.98      0.94      0.96      1032
          3       0.95      0.97      0.96      1010
          4       0.97      0.96      0.96       982
          5       0.95      0.96      0.96       892
          6       0.99      0.98      0.98       958
          7       0.94      0.95      0.95      1028
          8       0.99      0.91      0.95       974
          9       0.97      0.94      0.95      1009

avg / total       0.96      0.96      0.96     10000

metic used l2 number of neighbours 4
0.9682
             precision    recall  f1-score   support

          0       0.96      1.00      0.98       980
          1       0.95      1.00      0.98      1135
          2       0.98      0.96      0.97      1032
          3       0.96      0.97      0.97      1010
          4       0.97      0.97      0.97       982
          5       0.96      0.97      0.96       892
          6       0.98      0.98      0.98       958
          7       0.95      0.96      0.96      1028
          8       0.99      0.93      0.96       974
          9       0.97      0.95      0.96      1009

avg / total       0.97      0.97      0.97     10000


metic used l3 number of neighbours 4
0.9712
          precision    recall  f1-score   support
          0       0.97      0.99      0.98       980
          1       0.96      1.00      0.98      1135
          2       0.98      0.97      0.97      1032
          3       0.96      0.97      0.97      1010
          4       0.97      0.97      0.97       982
          5       0.96      0.97      0.97       892
          6       0.98      0.98      0.98       958
          7       0.96      0.97      0.97      1028
          8       0.99      0.94      0.96       974
          9       0.97      0.95      0.96      1009
avg / total       0.97      0.97      0.97     10000